10 47.93771077 -71.09786446 343324 5311507 950 58
1 47.9033308 -71.04444696 347212 5307579 997 50
2 47.93617615 -71.05787331 346306 5311256 1016 50
3 47.96619091 -71.11541691 342100 5314708 937 50
4 47.99713472 -71.04437117 347494 5318004 1011 50
5 48.03712354 -71.08673848 344454 5322533 780 60
6 48.00204545 -71.04902982 347161 5318559 1028 80
7 47.99826828 -71.15173192 339489 5318348 919 80
8 47.96028397 -71.03552152 348046 5313891 965 80
9 47.94141265 -71.04024394 347638 5311803 983 80
11 48.014475 -70.932022 355923 5319715 917 58
12 48.02980796 -71.10892538 342778 5321765 827 80
13 47.9190781 -71.03172214 348209 5309304 965 58
14 47.96913719 -71.13899821 340349 5315084 943 60
15 47.96544668 -71.07035716 345461 5314534 954 60
16 47.9958118 -71.10219024 343177 5317973 952 60
17 47.91774943 -71.10447247 342770 5309302 953 80
18 47.94568913 -71.13268654 340748 5312465 929 58
19 47.99347022 -71.17619742 337649 5317866 885 80
20 47.992314 -71.174071 337804 5317733 893 80
21 47.96951252 -71.06892529 345580 5314983 923 80
22 47.96709819 -71.07058397 345449 5314719 949 80
23 47.90876795 -71.12068967 341531 5308337 946 80
24 47.91115648 -71.1214431 341482 5308604 973 80
25 47.92227868 -71.00732366 350041 5309612 905 80
